 0.158  0.455 1
-0.463 -0.348 1
-0.346 -0.545 1
 0.314 -0.128 1
 0.151  0.216 1
 0.470  0.164 1
-0.100  0.429 1
 0.320  0.357 1
 0.322  0.006 1
-0.062  0.307 1
 0.383  0.099 1
 0.147 -0.274 1
-0.463 -0.109 1
 0.082 -0.315 1
-0.160  0.088 1
 0.469  0.037 1
 0.449  0.216 1
-0.082  0.088 1
 0.534  0.385 1
 0.280  0.314 1
-0.384 -0.452 1
-0.332  0.143 1
 0.009  0.205 1
 0.069 -0.492 1
 0.207 -0.014 1
-0.347 -0.278 1
-0.349 -0.177 1
-0.015 -0.135 1
 0.224 -0.144 1
 0.106  0.383 1
 0.366 -0.021 1
-0.330 -0.712 1
-0.507 -0.125 1
-0.328  0.115 1
 0.194  0.231 1
-0.401 -0.349 1
 0.189  0.156 1
 0.198  0.183 1
 0.413 -0.085 1
 0.158  0.102 1
-0.381  0.218 1
-0.290 -0.022 1
 0.486  0.354 1
 0.499  0.075 1
-0.096 -0.171 1
-0.545 -0.281 1
 0.555  0.159 1
 0.601  0.351 1
-0.358 -0.471 1
-0.474 -0.537 1
 0.210  0.398 1
 0.279  0.634 1
-0.324 -0.341 1
-0.140  0.331 1
-0.068 -0.353 1
 0.050  0.116 1
-0.202  0.300 1
-0.489 -0.425 1
 0.282  0.625 1
 0.176  0.474 1
-0.108  0.097 1
 0.510  0.334 1
-0.152 -0.411 1
-0.120  0.307 1
 0.091  0.524 1
 0.419 -0.060 1
 0.260  0.237 1
 0.101 -0.260 1
 0.189  0.355 1
 0.016  0.150 1
-0.225  0.418 1
 0.169 -0.205 1
 0.573  0.188 1
-0.178  0.378 1
 0.280  0.156 1
 0.473 -0.047 1
-0.407 -0.577 1
 0.297 -0.193 1
 0.399 -0.158 1
-0.120 -0.435 1
-0.354 -0.260 1
 0.477  0.552 1
 0.475  0.618 1
 0.088  0.025 1
-0.251 -0.348 1
 0.067  0.498 1
 0.066 -0.175 1
-0.348  0.049 1
 0.021 -0.276 1
 0.113 -0.152 1
 0.090 -0.445 1
 0.299 -0.055 1
 0.220  0.483 1
-0.339 -0.502 1
 0.086  0.322 1
 0.100  0.094 1
-0.393 -0.114 1
-0.416 -0.505 1
-0.103  0.070 1
-0.287  0.065 1
 0.653  0.191 2
-0.876 -0.937 2
-0.062  0.632 2
-0.364  0.656 2
-0.622 -0.657 2
-0.730  0.018 2
 0.552 -0.470 2
-0.855 -0.873 2
 0.166 -0.906 2
-0.691 -0.727 2
-0.799  0.577 2
-0.155  0.411 2
-0.338  0.709 2
-0.736  0.211 2
-0.156  0.628 2
 0.652  0.513 2
 0.948 -0.200 2
-0.464 -0.625 2
 0.556 -0.656 2
 0.572  0.177 2
 0.406 -0.264 2
-0.055 -0.826 2
-0.103 -0.577 2
 0.525  0.698 2
-0.285  0.838 2
 0.804  0.746 2
-0.622  0.158 2
 0.312 -0.461 2
 0.333 -0.255 2
 0.591 -0.206 2
-0.744 -0.786 2
 0.801  0.511 2
-0.525  0.157 2
 0.711 -0.661 2
 0.441 -0.441 2
-0.837  0.498 2
 0.621  0.555 2
-0.468  0.400 2
-0.594 -0.136 2
 0.706 -0.206 2
 0.022  0.799 2
-0.287  0.488 2
-0.598  0.416 2
 0.662 -0.317 2
-0.884 -0.614 2
-0.031  0.733 2
 0.252 -0.670 2
-0.834  0.263 2
-0.531 -0.196 2
 0.390 -0.435 2
 0.812  0.111 2
 0.680 -0.474 2
-0.551 -0.413 2
-0.215 -0.688 2
-0.703 -0.745 2
-0.580  0.007 2
 0.415 -0.157 2
-0.729 -0.856 2
 0.802  0.620 2
 0.885  0.809 2
-0.112  0.544 2
-0.445 -0.844 2
 0.634  0.066 2
 0.401 -0.204 2
-0.067  0.576 2
-0.680 -0.153 2
-0.840 -0.776 2
 0.412 -0.692 2
 0.942 -0.100 2
-0.867 -0.482 2
-0.577 -0.842 2
 0.468 -0.259 2
 0.872 -0.786 2
-0.249  0.694 2
 0.364 -0.516 2
-0.422  0.609 2
-0.795  0.227 2
 0.539 -0.867 2
-0.379  0.845 2
 0.223 -0.740 2
 0.764  0.397 2
 0.476 -0.147 2
 0.838 -0.490 2
-0.865  0.767 2
-0.493 -0.694 2
 0.563 -0.636 2
-0.669 -0.415 2
 0.823  0.313 2
 0.534 -0.406 2
-0.233  0.786 2
-0.540  0.898 2
 0.800  0.694 2
-0.655  0.119 2
-0.705 -0.522 2
-0.306  0.711 2
 0.156 -0.756 2
 0.470  0.858 2
 0.868 -0.165 2
 0.582 -0.313 2
-0.796  0.954 2
